30
6 3 8 18 7 15 12 13 15 13 1 11 3 17 10 8 16 20 5 11 10 9 2 9 9 4 9 19 7
7 16 18 8 9 6 1 20 8 3 4 12 12 1 17 3 19 13 9 16 4 20 12 11 20 1 8 3
17 8 16 6 14 17 2 4 15 7 4 9 3 2 5 7 11 7 14 18 11 13 17 1 19 7 15
8 5 19 5 17 20 17 6 13 13 12 11 6 17 14 7 5 9 7 8 11 2 16 7 4 5
20 11 15 19 10 2 10 20 10 9 19 19 3 13 9 13 13 10 6 10 3 2 18 11 13
8 5 15 11 14 10 8 7 7 10 15 8 12 11 20 19 3 7 5 14 6 16 16 1
11 1 13 9 7 15 12 7 7 3 10 19 17 10 16 14 3 7 8 16 16 8 19
18 2 20 20 20 7 4 8 14 2 3 4 20 7 5 14 13 7 17 2 10 11
8 12 14 9 7 18 8 17 2 14 14 8 3 11 7 9 10 8 12 20 4
17 9 17 4 17 8 13 14 2 9 5 4 14 10 2 17 14 2 17 4
3 14 9 13 8 6 12 17 11 4 9 8 11 19 11 13 10 5 8
19 3 12 1 1 17 7 12 18 14 9 2 18 4 9 13 18 17
16 7 8 17 10 14 13 16 1 4 18 6 3 4 10 14 12
3 11 17 17 1 3 2 4 6 3 10 16 18 8 6 6
11 20 5 9 20 9 17 3 3 10 13 14 16 18 13
19 6 6 11 13 5 11 15 19 1 15 1 11 8
7 14 13 4 18 8 7 4 8 14 18 15 9
11 2 1 15 17 18 2 7 12 10 5 11
2 7 3 5 13 4 1 9 15 17 6
9 19 14 19 1 11 16 15 14 8
4 7 4 2 5 12 16 16 7
1 11 15 20 12 18 15 4
10 14 18 17 17 15 11
13 4 2 1 10 8
20 10 16 1 7
7 16 15 15
17 19 7
19 17
16